0,00|BANO999989078|CONSULTA|17|1|2021|
20000,00|BANO994483234|TRANSFERENCIA|17|1|2021|
5000,00|BANO994483234|DEPOSITO|17|1|2021|
0,00|BANO994483234|CONSULTA|17|1|2021|
0,00|BANO994483234|CONSULTA|17|1|2021|
4244,00|BANO999999995|TRANSFERENCIA|21|1|2021|
42452,00|BANO999999995|DEPOSITO|21|1|2021|
0,00|BANO999999995|CONSULTA|21|1|2021|
4,00|BANO999999995|LEVANTAMENTO|21|1|2021|
59900,00|BANO994483234|DEPOSITO|21|1|2021|
20000,00|BANO999999995|TRANSFERENCIA|22|1|2021|
20000,00|BANO999999995|TRANSFERENCIA|22|1|2021|
40000,00|BANO999999995|TRANSFERENCIA|22|1|2021|
6,00|BANO999999995|TRANSFERENCIA|22|1|2021|
55099,00|BANO999999995|TRANSFERENCIA|22|1|2021|
33,00|BANO999999995|DEPOSITO|22|1|2021|
5723344,00|BANO999999995|DEPOSITO|22|1|2021|
399077,00|BANO999999995|LEVANTAMENTO|22|1|2021|
4999940,00|BANO999999995|LEVANTAMENTO|22|1|2021|
5723344,50|BANO999999995|LEVANTAMENTO|22|1|2021|
57233,50|BANO999999995|LEVANTAMENTO|22|1|2021|
5723344,50|BANO999999995|DEPOSITO|22|1|2021|
9,50|BANO999999995|LEVANTAMENTO|22|1|2021|
89,70|BANO999999995|LEVANTAMENTO|22|1|2021|
7,00|BANO999999995|LEVANTAMENTO|22|1|2021|
4,40|BANO999999995|LEVANTAMENTO|22|1|2021|
7,00|BANO999999995|LEVANTAMENTO|22|1|2021|
20,80|BANO999999995|LEVANTAMENTO|22|1|2021|
2,00|BANO999999995|LEVANTAMENTO|22|1|2021|
2,20|BANO999999995|LEVANTAMENTO|22|1|2021|
2,90|BANO999999995|LEVANTAMENTO|22|1|2021|
4444,00|BANO999999995|LEVANTAMENTO|22|1|2021|
44000,00|BANO999999995|LEVANTAMENTO|22|1|2021|
444000,81|BANO999999995|LEVANTAMENTO|22|1|2021|
5497840,00|BANO999999995|LEVANTAMENTO|22|1|2021|
7,60|BANO999999995|DEPOSITO|22|1|2021|
7,00|BANO999999995|LEVANTAMENTO|22|1|2021|
7,00|BANO999999995|DEPOSITO|22|1|2021|
0,00|BANO999999995|CONSULTA|22|1|2021|
7,70|BANO999999995|DEPOSITO|22|1|2021|
50000,90|BANO999999995|DEPOSITO|22|1|2021|
444,00|BANO999999995|LEVANTAMENTO|22|1|2021|
3333,90|BANO999999995|LEVANTAMENTO|22|1|2021|
6664,90|BANO999999990|LEVANTAMENTO|22|1|2021|
444,00|BANO999999995|LEVANTAMENTO|22|1|2021|
6869,00|BANO999999995|LEVANTAMENTO|22|1|2021|
777,88|BANO999999995|LEVANTAMENTO|22|1|2021|
777,89|BANO999999995|LEVANTAMENTO|22|1|2021|
20000,00|BANO999933980|TRANSFERENCIA|22|1|2021|
2000000,00|BANO999933980|TRANSFERENCIA|22|1|2021|
0,00|BANO999933980|CONSULTA|22|1|2021|
0,00|BANO999999992|CONSULTA|22|1|2021|
5379153,50|BANO999999992|LEVANTAMENTO|22|1|2021|
0,50|BANO999999992|DEPOSITO|22|1|2021|
0,00|BANO999999992|CONSULTA|22|1|2021|
0,25|BANO999999992|LEVANTAMENTO|22|1|2021|
0,00|BANO999999992|CONSULTA|22|1|2021|
50550100,00|BANO999999977|DEPOSITO|23|1|2021|
0,00|BANO999999977|CONSULTA|23|1|2021|
0,00|BANO999999922|CONSULTA|31|10|2022|
